EXPLORATORY. Per unit: flagged fraction in calibration / test third; Pfa/alpha at 1e-4 (conformal)
unit          pol  cal%   test%         IN1        IN4      OS1_8        NA4       CA16      OSraw      D-IN4  PAMF-H(w) P-ANMF(bin     P-ANMF ANMF-SCM(w ANMF-FP(w)   Clip-OS1
1113_58_rot2  HH  16.71  12.86        0.81       0.53       0.86       1.10       0.94       1.63       2.07       2.07       0.46       1.96       2.07       2.19       1.27
1113_58_rot3  HH  12.86  18.36        2.12       2.44       1.83       2.40       1.14       0.73       0.00       0.17       2.48       0.86       0.52       0.52       0.46
1118_34_rot2  HH  19.53  29.43        2.20       2.73       0.98       2.93       0.69       0.90       1.50       1.90       0.00       0.00       0.29       0.23       0.00
1118_34_rot3  HH  29.43  18.63        0.00       0.00       0.00       0.00       1.38       1.38       1.56       1.33       0.75       0.00       1.50       1.33       1.44
1123_49_rot2  HH   3.50   1.56        0.81       0.86       0.90       1.43       1.06       0.57       3.98       2.36       1.56       2.36       0.86       0.92       1.33
1123_49_rot3  HH   1.56   8.09        1.06       1.59       0.73       0.65       0.98       1.43       1.04       1.27       0.63       1.09       1.09       1.27       1.21
1128_12_rot2  HH  16.79   3.65        1.27       0.98       1.33       2.20       1.74       1.68       2.13       2.05       1.07       1.15       0.74       0.66       0.00
1128_12_rot3  HH   3.65   5.89        0.93       1.33       1.27       0.64       0.93       0.87       0.00       0.00      47.55      38.29       5.00       6.80       0.00
1132_56_rot2  HH  14.46   2.32        0.64       0.70       1.22       0.41       1.27       1.39       3.69       2.46       0.00       0.00       0.49       0.33       0.00
1132_56_rot3  HH   2.32   6.95        0.87       1.10       0.93       2.26       0.70       0.64       1.80       1.97       0.57       1.15       0.98       0.90       0.00
1139_49_rot2  HH   4.07   2.21        0.00       0.07       0.00       0.00       1.01       1.21       0.29       0.76       1.62       0.67       0.48       0.67       0.00
1139_49_rot3  HH   2.21  13.81        0.20       0.27       0.61       0.81       1.48       1.28       1.62       0.86       0.19       1.53       1.24       0.86       0.00
1146_48_rot2  HH   2.23   0.22        1.94       1.29       0.65       0.24       1.37       0.32       5.25       5.02       1.83       2.97       1.37       1.37       0.00
1146_48_rot3  HH   0.22   7.75        0.00       0.40       0.00       0.08       0.73       1.45       0.00       0.00       0.23       0.00       0.23       0.46       0.00
1446_21_rot2  VV   0.00   0.00        2.08       1.22       2.65       1.87       1.14       0.81       1.67       0.98       0.63       2.54       0.69       0.75       1.21
1446_21_rot3  VV   0.00   0.00        0.61       1.51       0.00      12.54       2.36       1.26       0.86       0.98       1.15       0.40       1.04       0.98       0.58
1450_16_rot2  VV   0.00   0.00        4.32       4.40       3.95       4.32       0.94       0.98       0.00       0.00       1.50       0.86       0.69       0.92       0.00
1450_16_rot3  VV   0.00   0.24        0.00       0.00       2.40       0.04       2.08       1.22      53.19      18.33       0.63       0.58       0.98       0.81       0.00
1457_22_rot2  VV   0.00   0.00        0.15       0.91       0.71       0.71       0.66       0.81       1.87       0.50       0.65       1.22       0.93       1.51       0.00
1457_22_rot3  VV   0.00   0.00        1.78       1.57       1.12       0.66       1.22       0.81       0.29       0.50       1.65       0.57       1.51       0.93       0.00
1501_53_rot2  VV   0.00   0.00        0.70       0.52       1.04       0.35       0.52       0.46       1.07       1.07       0.90       1.48       0.49       0.66       0.00
1501_53_rot3  VV   0.00   0.02        6.37       4.52       8.23       9.73       1.62       1.22       8.28       2.21       1.07       1.39       1.80       1.72       1.07
1508_24_rot2  VV   0.00   0.00        1.75       1.35       1.48       2.23       1.75       1.75       6.20       5.63       0.95       0.95       1.34       1.34       0.00
1508_24_rot3  VV   0.00   0.00        0.88       1.28       0.81       0.67       0.81       0.47       1.24       0.48       0.67       1.62       0.48       0.95       0.00
1512_14_rot2  VV   0.03   0.00        0.00       0.00       0.00       0.00       0.80       1.10       0.00       0.00       1.28       1.28       0.14       0.28       0.00
1512_14_rot3  VV   0.00   0.00        1.71       1.00       1.00       1.20       0.70       0.30       0.57       1.14       1.56       0.71       1.70       2.13       0.00
1518_58_rot2  VV   0.00   0.00        1.00       0.80       0.90       2.81       1.61       0.30       1.14       0.43       0.28       1.42       1.28       0.85       0.00
1518_58_rot3  VV   0.00   0.00        0.50       0.80       0.70       0.30       0.50       0.50       0.85       1.42       1.42       0.43       1.14       1.28       0.00

units whose calibration third has no flagged pulse but whose test third has some: ['1446_21_rot3', '1450_16_rot3', '1501_53_rot3']
pooled Pfa/alpha at 1e-4, all units vs without ['1450_16_rot3', '1501_53_rot3']:
  IN1            1.30 ->   1.18
  IN4            1.31 ->   1.26
  OS1_8          1.38 ->   1.07
  NA4            2.08 ->   1.91
  CA16           1.18 ->   1.11
  OSraw          1.02 ->   1.00
  D-IN4          4.26 ->   1.56
  PAMF-H(w)      2.18 ->   1.33
  P-ANMF(bin)    2.52 ->   2.67
  P-ANMF         2.33 ->   2.45
  ANMF-SCM(w)    1.10 ->   1.09
  ANMF-FP(w)     1.18 ->   1.18
  Clip-OS1       0.39 ->   0.39
pooled Pfa/alpha at 1e-4, all units vs without ['1450_16_rot3', '1501_53_rot3', '1128_12_rot3']:
  IN1            1.30 ->   1.19
  IN4            1.31 ->   1.26
  OS1_8          1.38 ->   1.07
  NA4            2.08 ->   1.96
  CA16           1.18 ->   1.12
  OSraw          1.02 ->   1.01
  D-IN4          4.26 ->   1.62
  PAMF-H(w)      2.18 ->   1.39
  P-ANMF(bin)    2.52 ->   0.96
  P-ANMF         2.33 ->   1.09
  ANMF-SCM(w)    1.10 ->   0.94
  ANMF-FP(w)     1.18 ->   0.97
  Clip-OS1       0.39 ->   0.41
