
=== confirmatory | m=8 | alpha=0.1 ===
method       GM radius/IN1 [95% CI]   noisy   clean  cover    min %<nom-.02            maxdev [CI]    ref  texture-quintile curve
U         1.031 [0.985,1.071]        0.962   1.065  0.899  0.781      0.25 0.185 [0.138,0.232]  0.029  [0.983 0.963 0.939 0.887 0.724]
RMS       1.410 [1.364,1.507]        1.274   1.480  0.899  0.861      0.29 0.104 [0.090,0.120]  0.029  [0.812 0.872 0.912 0.94  0.957]
IN1       1.000 [1.000,1.000]        1.000   1.000  0.902  0.880      0.00 0.038 [0.034,0.043]  0.029  [0.887 0.892 0.901 0.911 0.92 ]
G1        1.001 [0.987,1.013]        0.979   1.012  0.903  0.860      0.05 0.040 [0.037,0.045]  0.029  [0.888 0.891 0.901 0.911 0.921]
IN2       0.909 [0.867,0.965]        0.977   0.878  0.901  0.862      0.07 0.032 [0.030,0.034]  0.029  [0.9   0.902 0.898 0.902 0.901]
IN4       0.890 [0.844,0.957]        0.986   0.848  0.901  0.873      0.05 0.030 [0.028,0.032]  0.029  [0.9   0.899 0.898 0.9   0.905]
MON       0.953 [0.941,0.963]        0.953   0.953  0.903  0.873      0.04 0.046 [0.042,0.049]  0.029  [0.928 0.91  0.903 0.894 0.878]
NA1       0.955 [0.913,0.988]        0.897   0.985  0.901  0.877      0.02 0.043 [0.036,0.053]  0.029  [0.894 0.891 0.898 0.905 0.918]
NA2       0.771 [0.747,0.808]        0.845   0.738  0.900  0.866      0.05 0.044 [0.039,0.053]  0.029  [0.91  0.896 0.894 0.898 0.9  ]
NA4       0.746 [0.713,0.800]        0.839   0.706  0.900  0.873      0.05 0.045 [0.038,0.054]  0.029  [0.92  0.899 0.896 0.895 0.892]
NA1G      0.902 [0.866,0.931]        0.851   0.927  0.874  0.805      0.62 0.063 [0.055,0.073]  0.029  [0.865 0.86  0.873 0.879 0.892]
NA2G      0.728 [0.702,0.770]        0.809   0.693  0.873  0.805      0.64 0.064 [0.055,0.072]  0.029  [0.884 0.867 0.868 0.871 0.874]
NA4G      0.707 [0.672,0.764]        0.804   0.666  0.873  0.806      0.66 0.063 [0.054,0.072]  0.029  [0.894 0.871 0.869 0.868 0.865]
LS        0.901 [0.863,0.958]        0.997   0.859  0.899  0.878      0.02 0.041 [0.038,0.043]  0.029  [0.909 0.903 0.901 0.902 0.882]
MLP       1.310 [1.257,1.416]        1.178   1.378  0.898  0.854      0.21 0.100 [0.092,0.113]  0.029  [0.814 0.874 0.913 0.937 0.953]

=== confirmatory | m=8 | alpha=0.01 ===
method       GM radius/IN1 [95% CI]   noisy   clean  cover    min %<nom-.02            maxdev [CI]    ref  texture-quintile curve
U         1.388 [1.140,1.627]        0.951   1.660  0.989  0.949      0.05 0.039 [0.031,0.050]  0.009  [0.999 0.999 0.998 0.994 0.953]
RMS       1.701 [1.565,1.871]        1.302   1.930  0.991  0.979      0.00 0.016 [0.013,0.020]  0.009  [0.979 0.988 0.993 0.996 0.997]
IN1       1.000 [1.000,1.000]        1.000   1.000  0.991  0.980      0.00 0.012 [0.011,0.013]  0.009  [0.987 0.989 0.991 0.993 0.994]
G1        1.002 [0.968,1.031]        0.949   1.028  0.991  0.978      0.00 0.011 [0.010,0.013]  0.009  [0.988 0.989 0.991 0.993 0.994]
IN2       0.956 [0.918,1.007]        1.008   0.932  0.991  0.983      0.00 0.009 [0.008,0.010]  0.009  [0.991 0.991 0.99  0.992 0.992]
IN4       1.019 [0.935,1.142]        1.228   0.933  0.991  0.982      0.00 0.010 [0.009,0.011]  0.009  [0.989 0.99  0.99  0.992 0.992]
MON       0.936 [0.909,0.958]        0.905   0.952  0.993  0.982      0.00 0.011 [0.010,0.011]  0.009  [0.996 0.994 0.993 0.992 0.989]
NA1       0.928 [0.853,0.989]        0.823   0.982  0.991  0.980      0.00 0.013 [0.011,0.015]  0.009  [0.988 0.989 0.991 0.992 0.993]
NA2       0.741 [0.724,0.752]        0.763   0.731  0.991  0.980      0.00 0.011 [0.011,0.013]  0.009  [0.991 0.99  0.99  0.991 0.991]
NA4       0.715 [0.701,0.738]        0.758   0.695  0.990  0.983      0.00 0.011 [0.010,0.012]  0.009  [0.993 0.991 0.99  0.99  0.988]
NA1G      0.836 [0.787,0.876]        0.764   0.873  0.981  0.972      0.00 0.022 [0.020,0.026]  0.009  [0.977 0.978 0.982 0.984 0.986]
NA2G      0.675 [0.655,0.703]        0.727   0.652  0.981  0.969      0.02 0.022 [0.018,0.025]  0.009  [0.982 0.98  0.982 0.981 0.982]
NA4G      0.656 [0.629,0.697]        0.722   0.626  0.982  0.968      0.02 0.021 [0.018,0.024]  0.009  [0.986 0.982 0.981 0.981 0.978]
LS        1.005 [0.968,1.064]        1.093   0.967  0.990  0.982      0.00 0.013 [0.012,0.014]  0.009  [0.992 0.992 0.992 0.991 0.986]
MLP       1.628 [1.475,1.839]        1.227   1.862  0.990  0.979      0.00 0.016 [0.013,0.020]  0.009  [0.979 0.989 0.992 0.995 0.997]

=== confirmatory | m=16 | alpha=0.1 ===
method       GM radius/IN1 [95% CI]   noisy   clean  cover    min %<nom-.02            maxdev [CI]    ref  texture-quintile curve
U         1.048 [1.010,1.085]        0.994   1.073  0.899  0.801      0.21 0.181 [0.136,0.225]  0.029  [0.98  0.962 0.936 0.89  0.727]
RMS       1.368 [1.320,1.449]        1.288   1.404  0.899  0.845      0.20 0.110 [0.097,0.128]  0.029  [0.803 0.873 0.918 0.94  0.962]
IN1       1.000 [1.000,1.000]        1.000   1.000  0.901  0.864      0.07 0.035 [0.032,0.039]  0.029  [0.897 0.901 0.899 0.9   0.91 ]
G1        0.995 [0.988,1.002]        0.990   0.997  0.900  0.845      0.04 0.032 [0.030,0.034]  0.029  [0.895 0.899 0.898 0.899 0.909]
IN2       0.895 [0.855,0.953]        0.968   0.865  0.901  0.871      0.04 0.032 [0.028,0.036]  0.029  [0.901 0.901 0.901 0.9   0.901]
IN4       0.845 [0.805,0.905]        0.953   0.802  0.901  0.869      0.09 0.033 [0.028,0.036]  0.029  [0.901 0.902 0.902 0.901 0.902]
MON       0.980 [0.975,0.984]        0.980   0.980  0.904  0.862      0.07 0.042 [0.037,0.047]  0.029  [0.922 0.915 0.902 0.894 0.886]
NA1       0.966 [0.930,0.994]        0.915   0.989  0.901  0.855      0.09 0.042 [0.037,0.050]  0.029  [0.898 0.897 0.895 0.902 0.912]
NA2       0.777 [0.748,0.824]        0.871   0.739  0.901  0.861      0.09 0.042 [0.035,0.050]  0.029  [0.907 0.898 0.896 0.899 0.906]
NA4       0.753 [0.714,0.815]        0.866   0.709  0.902  0.853      0.11 0.043 [0.035,0.052]  0.029  [0.916 0.902 0.898 0.896 0.897]
NA1G      0.930 [0.895,0.958]        0.882   0.952  0.882  0.812      0.45 0.051 [0.046,0.058]  0.029  [0.879 0.877 0.875 0.884 0.895]
NA2G      0.750 [0.722,0.795]        0.844   0.712  0.884  0.811      0.32 0.050 [0.042,0.061]  0.029  [0.892 0.879 0.878 0.883 0.889]
NA4G      0.726 [0.687,0.787]        0.839   0.682  0.885  0.811      0.29 0.050 [0.041,0.059]  0.029  [0.899 0.885 0.883 0.879 0.88 ]
LS        0.921 [0.875,0.990]        1.046   0.871  0.900  0.866      0.04 0.039 [0.036,0.044]  0.029  [0.907 0.906 0.9   0.9   0.89 ]
MLP       1.337 [1.288,1.439]        1.224   1.390  0.901  0.850      0.21 0.103 [0.089,0.120]  0.029  [0.811 0.881 0.919 0.942 0.953]

=== confirmatory | m=16 | alpha=0.01 ===
method       GM radius/IN1 [95% CI]   noisy   clean  cover    min %<nom-.02            maxdev [CI]    ref  texture-quintile curve
U         1.475 [1.261,1.720]        1.066   1.700  0.989  0.967      0.05 0.040 [0.031,0.052]  0.009  [0.999 0.999 0.998 0.996 0.951]
RMS       1.609 [1.533,1.782]        1.363   1.729  0.989  0.963      0.04 0.022 [0.020,0.023]  0.009  [0.973 0.988 0.992 0.995 0.998]
IN1       1.000 [1.000,1.000]        1.000   1.000  0.990  0.973      0.00 0.012 [0.010,0.013]  0.009  [0.988 0.989 0.989 0.99  0.994]
G1        0.993 [0.979,1.005]        0.993   0.992  0.990  0.979      0.00 0.011 [0.009,0.012]  0.009  [0.988 0.989 0.989 0.99  0.993]
IN2       0.898 [0.857,0.953]        0.957   0.873  0.990  0.982      0.00 0.011 [0.010,0.012]  0.009  [0.989 0.989 0.99  0.99  0.989]
IN4       0.861 [0.822,0.918]        0.964   0.820  0.990  0.978      0.00 0.011 [0.010,0.012]  0.009  [0.989 0.99  0.991 0.989 0.991]
MON       0.998 [0.988,1.006]        0.987   1.002  0.992  0.984      0.00 0.010 [0.010,0.011]  0.009  [0.994 0.994 0.992 0.991 0.989]
NA1       0.952 [0.907,0.989]        0.884   0.984  0.990  0.975      0.00 0.011 [0.010,0.011]  0.009  [0.988 0.99  0.99  0.99  0.993]
NA2       0.769 [0.745,0.806]        0.843   0.738  0.991  0.978      0.00 0.011 [0.009,0.012]  0.009  [0.991 0.991 0.991 0.991 0.99 ]
NA4       0.743 [0.706,0.798]        0.840   0.704  0.991  0.980      0.00 0.011 [0.009,0.012]  0.009  [0.992 0.992 0.991 0.99  0.987]
NA1G      0.894 [0.860,0.920]        0.853   0.913  0.984  0.968      0.02 0.016 [0.014,0.018]  0.009  [0.981 0.984 0.983 0.984 0.988]
NA2G      0.720 [0.691,0.762]        0.816   0.682  0.984  0.964      0.02 0.016 [0.013,0.018]  0.009  [0.984 0.984 0.984 0.985 0.984]
NA4G      0.698 [0.659,0.758]        0.811   0.654  0.985  0.964      0.02 0.015 [0.012,0.017]  0.009  [0.987 0.986 0.986 0.985 0.981]
LS        1.072 [1.019,1.147]        1.207   1.018  0.991  0.981      0.00 0.012 [0.009,0.016]  0.009  [0.992 0.991 0.991 0.991 0.988]
MLP       1.585 [1.489,1.780]        1.278   1.740  0.990  0.977      0.00 0.019 [0.016,0.022]  0.009  [0.976 0.988 0.993 0.995 0.996]

=== development | m=8 | alpha=0.1 ===
method       GM radius/IN1 [95% CI]   noisy   clean  cover    min %<nom-.02            maxdev [CI]    ref  texture-quintile curve
U         1.018 [0.939,1.112]        0.942   1.051  0.894  0.785      0.25 0.205 [0.159,0.258]  0.028  [0.981 0.963 0.936 0.887 0.704]
RMS       1.444 [1.380,1.581]        1.333   1.490  0.899  0.840      0.14 0.104 [0.091,0.127]  0.028  [0.808 0.876 0.915 0.938 0.961]
IN1       1.000 [1.000,1.000]        1.000   1.000  0.898  0.878      0.04 0.037 [0.032,0.043]  0.028  [0.887 0.887 0.89  0.905 0.923]
G1        1.008 [0.992,1.020]        0.978   1.020  0.901  0.871      0.07 0.037 [0.034,0.043]  0.028  [0.89  0.89  0.893 0.906 0.925]
IN2       0.918 [0.874,0.976]        0.970   0.897  0.901  0.885      0.00 0.026 [0.022,0.031]  0.028  [0.9   0.896 0.896 0.903 0.909]
IN4       0.897 [0.856,0.951]        0.988   0.863  0.900  0.878      0.07 0.031 [0.023,0.035]  0.028  [0.9   0.896 0.894 0.9   0.907]
MON       0.953 [0.943,0.963]        0.947   0.956  0.900  0.876      0.11 0.042 [0.036,0.049]  0.028  [0.925 0.909 0.891 0.889 0.884]
NA1       0.964 [0.924,0.996]        0.887   0.997  0.900  0.875      0.07 0.045 [0.038,0.053]  0.028  [0.894 0.887 0.89  0.905 0.922]
NA2       0.779 [0.754,0.816]        0.848   0.753  0.900  0.857      0.11 0.043 [0.038,0.047]  0.028  [0.9   0.892 0.893 0.901 0.914]
NA4       0.753 [0.716,0.812]        0.844   0.719  0.896  0.852      0.18 0.042 [0.035,0.047]  0.028  [0.904 0.894 0.887 0.894 0.903]
NA1G      0.915 [0.877,0.943]        0.846   0.944  0.874  0.825      0.68 0.060 [0.054,0.067]  0.028  [0.867 0.859 0.862 0.881 0.9  ]
NA2G      0.738 [0.715,0.775]        0.815   0.709  0.873  0.825      0.68 0.058 [0.048,0.064]  0.028  [0.873 0.863 0.864 0.876 0.889]
NA4G      0.717 [0.682,0.770]        0.812   0.683  0.873  0.816      0.57 0.057 [0.045,0.065]  0.028  [0.882 0.869 0.864 0.871 0.881]
LS        0.917 [0.868,0.981]        1.010   0.882  0.903  0.877      0.07 0.036 [0.029,0.042]  0.028  [0.91  0.906 0.901 0.905 0.894]
MLP       1.337 [1.267,1.486]        1.224   1.386  0.899  0.841      0.11 0.104 [0.087,0.119]  0.028  [0.81  0.876 0.913 0.94  0.958]

=== development | m=8 | alpha=0.01 ===
method       GM radius/IN1 [95% CI]   noisy   clean  cover    min %<nom-.02            maxdev [CI]    ref  texture-quintile curve
U         1.489 [1.166,1.971]        0.923   1.803  0.988  0.950      0.11 0.043 [0.019,0.066]  0.009  [0.999 0.998 0.998 0.995 0.949]
RMS       1.740 [1.614,1.997]        1.301   1.954  0.989  0.976      0.00 0.019 [0.015,0.022]  0.009  [0.975 0.988 0.991 0.995 0.996]
IN1       1.000 [1.000,1.000]        1.000   1.000  0.989  0.982      0.00 0.011 [0.010,0.013]  0.009  [0.987 0.985 0.988 0.99  0.994]
G1        1.017 [0.972,1.052]        0.941   1.049  0.990  0.978      0.00 0.012 [0.010,0.015]  0.009  [0.987 0.987 0.989 0.992 0.996]
IN2       0.961 [0.927,1.015]        1.001   0.946  0.990  0.980      0.00 0.010 [0.009,0.011]  0.009  [0.992 0.988 0.987 0.991 0.991]
IN4       1.030 [0.949,1.131]        1.206   0.968  0.990  0.982      0.00 0.009 [0.008,0.010]  0.009  [0.991 0.989 0.988 0.991 0.992]
MON       0.998 [0.930,1.105]        0.931   1.027  0.991  0.979      0.00 0.012 [0.009,0.015]  0.009  [0.995 0.992 0.992 0.989 0.989]
NA1       0.941 [0.865,1.003]        0.790   1.010  0.990  0.981      0.00 0.013 [0.011,0.016]  0.009  [0.987 0.986 0.99  0.992 0.994]
NA2       0.752 [0.722,0.771]        0.759   0.749  0.990  0.982      0.00 0.012 [0.010,0.013]  0.009  [0.99  0.987 0.99  0.99  0.992]
NA4       0.730 [0.702,0.762]        0.757   0.720  0.989  0.976      0.00 0.012 [0.010,0.013]  0.009  [0.992 0.988 0.989 0.988 0.989]
NA1G      0.855 [0.798,0.901]        0.754   0.899  0.980  0.966      0.04 0.023 [0.020,0.027]  0.009  [0.974 0.975 0.978 0.982 0.989]
NA2G      0.689 [0.672,0.707]        0.726   0.675  0.981  0.963      0.07 0.021 [0.016,0.025]  0.009  [0.981 0.98  0.978 0.98  0.984]
NA4G      0.670 [0.651,0.702]        0.724   0.650  0.981  0.956      0.07 0.021 [0.016,0.025]  0.009  [0.982 0.981 0.978 0.979 0.982]
LS        1.036 [0.987,1.118]        1.067   1.024  0.990  0.980      0.00 0.012 [0.011,0.016]  0.009  [0.993 0.99  0.991 0.99  0.986]
MLP       1.670 [1.525,1.973]        1.224   1.891  0.989  0.975      0.00 0.021 [0.016,0.024]  0.009  [0.973 0.987 0.992 0.996 0.997]

=== development | m=16 | alpha=0.1 ===
method       GM radius/IN1 [95% CI]   noisy   clean  cover    min %<nom-.02            maxdev [CI]    ref  texture-quintile curve
U         1.037 [0.959,1.119]        0.971   1.065  0.896  0.816      0.29 0.194 [0.141,0.252]  0.028  [0.979 0.962 0.939 0.889 0.713]
RMS       1.394 [1.312,1.543]        1.344   1.415  0.897  0.838      0.21 0.125 [0.111,0.151]  0.028  [0.787 0.877 0.917 0.942 0.96 ]
IN1       1.000 [1.000,1.000]        1.000   1.000  0.900  0.864      0.11 0.034 [0.029,0.038]  0.028  [0.89  0.897 0.901 0.899 0.91 ]
G1        0.999 [0.994,1.005]        0.989   1.002  0.899  0.860      0.04 0.031 [0.026,0.038]  0.028  [0.89  0.896 0.9   0.9   0.91 ]
IN2       0.898 [0.860,0.944]        0.961   0.875  0.898  0.865      0.11 0.033 [0.027,0.037]  0.028  [0.892 0.897 0.9   0.904 0.899]
IN4       0.843 [0.810,0.895]        0.939   0.808  0.897  0.865      0.11 0.032 [0.027,0.036]  0.028  [0.891 0.898 0.9   0.897 0.897]
MON       0.973 [0.966,0.982]        0.977   0.971  0.901  0.849      0.07 0.043 [0.035,0.051]  0.028  [0.918 0.909 0.902 0.893 0.881]
NA1       0.973 [0.945,0.997]        0.917   0.997  0.899  0.864      0.04 0.042 [0.034,0.054]  0.028  [0.892 0.891 0.898 0.903 0.912]
NA2       0.782 [0.755,0.828]        0.870   0.749  0.897  0.872      0.18 0.042 [0.033,0.051]  0.028  [0.896 0.894 0.894 0.898 0.902]
NA4       0.758 [0.721,0.820]        0.864   0.719  0.895  0.861      0.11 0.041 [0.031,0.054]  0.028  [0.904 0.894 0.892 0.896 0.888]
NA1G      0.942 [0.910,0.964]        0.885   0.966  0.883  0.829      0.32 0.052 [0.043,0.064]  0.028  [0.873 0.875 0.88  0.886 0.899]
NA2G      0.760 [0.732,0.805]        0.850   0.727  0.882  0.827      0.46 0.050 [0.043,0.057]  0.028  [0.88  0.878 0.88  0.885 0.89 ]
NA4G      0.738 [0.700,0.797]        0.846   0.698  0.882  0.830      0.36 0.051 [0.039,0.060]  0.028  [0.889 0.88  0.879 0.883 0.878]
LS        0.930 [0.876,1.001]        1.041   0.889  0.902  0.876      0.04 0.034 [0.028,0.038]  0.028  [0.905 0.906 0.902 0.902 0.895]
MLP       1.357 [1.287,1.497]        1.263   1.396  0.895  0.808      0.21 0.120 [0.101,0.148]  0.028  [0.792 0.879 0.91  0.939 0.955]

=== development | m=16 | alpha=0.01 ===
method       GM radius/IN1 [95% CI]   noisy   clean  cover    min %<nom-.02            maxdev [CI]    ref  texture-quintile curve
U         1.535 [1.235,1.950]        1.058   1.781  0.989  0.957      0.07 0.039 [0.023,0.058]  0.009  [1.    0.999 0.998 0.996 0.954]
RMS       1.639 [1.557,1.861]        1.400   1.745  0.990  0.970      0.00 0.020 [0.017,0.024]  0.009  [0.973 0.989 0.993 0.996 0.998]
IN1       1.000 [1.000,1.000]        1.000   1.000  0.991  0.984      0.00 0.010 [0.009,0.011]  0.009  [0.99  0.989 0.991 0.992 0.992]
G1        0.989 [0.979,1.005]        0.994   0.987  0.991  0.987      0.00 0.008 [0.008,0.009]  0.009  [0.991 0.989 0.991 0.992 0.992]
IN2       0.904 [0.866,0.945]        0.959   0.883  0.991  0.982      0.00 0.010 [0.009,0.011]  0.009  [0.992 0.989 0.991 0.991 0.991]
IN4       0.849 [0.814,0.901]        0.965   0.807  0.990  0.976      0.00 0.009 [0.008,0.012]  0.009  [0.99  0.99  0.99  0.989 0.99 ]
MON       0.998 [0.984,1.013]        0.994   1.000  0.993  0.985      0.00 0.011 [0.009,0.014]  0.009  [0.995 0.995 0.994 0.993 0.989]
NA1       0.959 [0.923,0.989]        0.887   0.989  0.991  0.982      0.00 0.009 [0.009,0.011]  0.009  [0.99  0.989 0.991 0.993 0.993]
NA2       0.768 [0.741,0.800]        0.833   0.744  0.990  0.979      0.00 0.010 [0.009,0.012]  0.009  [0.989 0.99  0.99  0.989 0.991]
NA4       0.745 [0.711,0.795]        0.833   0.713  0.990  0.973      0.00 0.011 [0.009,0.015]  0.009  [0.991 0.99  0.99  0.988 0.989]
NA1G      0.899 [0.865,0.925]        0.857   0.916  0.985  0.977      0.00 0.015 [0.014,0.016]  0.009  [0.983 0.983 0.986 0.988 0.988]
NA2G      0.725 [0.698,0.764]        0.823   0.690  0.985  0.973      0.00 0.016 [0.014,0.017]  0.009  [0.984 0.985 0.986 0.984 0.985]
NA4G      0.704 [0.669,0.756]        0.820   0.663  0.984  0.971      0.00 0.018 [0.014,0.020]  0.009  [0.986 0.985 0.986 0.983 0.982]
LS        1.071 [1.010,1.148]        1.163   1.036  0.990  0.981      0.00 0.011 [0.009,0.013]  0.009  [0.992 0.99  0.992 0.991 0.987]
MLP       1.603 [1.505,1.879]        1.329   1.728  0.988  0.969      0.04 0.025 [0.018,0.029]  0.009  [0.968 0.989 0.993 0.994 0.997]

=== day transfer | m=8 | alpha=0.1 | 6 held-out days: mean cover (min) | mean radius/IN1
  U      0.906 (0.720) | 1.437
  RMS    0.907 (0.696) | 1.452
  IN1    0.903 (0.880) | 1.000
  G1     0.917 (0.899) | 1.032
  IN2    0.901 (0.885) | 1.019
  IN4    0.902 (0.881) | 0.998
  MON    0.904 (0.861) | 0.976
  NA1    0.901 (0.882) | 1.008
  NA2    0.895 (0.851) | 0.972
  NA4    0.895 (0.854) | 0.940
  NA1G   0.869 (0.846) | 0.946
  NA2G   0.857 (0.807) | 0.898
  NA4G   0.856 (0.809) | 0.870
  LS     0.911 (0.835) | 0.990
  MLP    0.883 (0.645) | 1.211

=== day transfer | m=8 | alpha=0.01 | 6 held-out days: mean cover (min) | mean radius/IN1
  U      0.991 (0.982) | 2.024
  RMS    0.989 (0.949) | 1.618
  IN1    0.991 (0.981) | 1.000
  G1     0.993 (0.985) | 1.032
  IN2    0.991 (0.983) | 1.040
  IN4    0.990 (0.982) | 1.107
  MON    0.991 (0.971) | 0.964
  NA1    0.991 (0.982) | 1.017
  NA2    0.990 (0.978) | 1.008
  NA4    0.991 (0.980) | 0.976
  NA1G   0.978 (0.969) | 0.876
  NA2G   0.972 (0.950) | 0.832
  NA4G   0.972 (0.953) | 0.806
  LS     0.991 (0.971) | 1.067
  MLP    0.986 (0.937) | 1.486

=== day transfer | m=16 | alpha=0.1 | 6 held-out days: mean cover (min) | mean radius/IN1
  U      0.909 (0.716) | 1.470
  RMS    0.906 (0.681) | 1.466
  IN1    0.903 (0.882) | 1.000
  G1     0.906 (0.893) | 1.006
  IN2    0.899 (0.891) | 1.024
  IN4    0.901 (0.894) | 0.993
  MON    0.907 (0.881) | 0.984
  NA1    0.900 (0.882) | 1.037
  NA2    0.898 (0.883) | 0.956
  NA4    0.898 (0.863) | 0.936
  NA1G   0.879 (0.866) | 0.995
  NA2G   0.875 (0.854) | 0.911
  NA4G   0.876 (0.842) | 0.893
  LS     0.898 (0.774) | 0.967
  MLP    0.880 (0.622) | 1.200

=== day transfer | m=16 | alpha=0.01 | 6 held-out days: mean cover (min) | mean radius/IN1
  U      0.991 (0.981) | 2.090
  RMS    0.990 (0.950) | 1.646
  IN1    0.992 (0.987) | 1.000
  G1     0.993 (0.989) | 1.007
  IN2    0.992 (0.990) | 1.021
  IN4    0.991 (0.989) | 0.996
  MON    0.992 (0.984) | 0.984
  NA1    0.991 (0.986) | 1.031
  NA2    0.992 (0.987) | 0.963
  NA4    0.991 (0.987) | 0.940
  NA1G   0.985 (0.981) | 0.960
  NA2G   0.982 (0.974) | 0.879
  NA4G   0.983 (0.975) | 0.861
  LS     0.985 (0.937) | 1.015
  MLP    0.984 (0.919) | 1.493
