pre|L1   pred 0.885 0.710 0.635 0.472 0.086 0.012 0.004 0.002
         meas 0.883 0.711 0.637 0.477 0.086 0.012 0.004 0.002 | MAE 0.009
pre|L4   pred 0.789 0.702 0.541 0.101 0.015 0.006 0.003 0.002
         meas 0.793 0.705 0.549 0.099 0.015 0.006 0.003 0.002 | MAE 0.009
pre|L8   pred 0.648 0.434 0.049 0.012 0.005 0.003 0.002 0.001
         meas 0.656 0.446 0.047 0.012 0.005 0.003 0.002 0.001 | MAE 0.008
pre|L16  pred 0.015 0.007 0.004 0.002 0.002 0.001 0.001 0.001
         meas 0.014 0.007 0.003 0.002 0.001 0.001 0.001 0.001 | MAE 0.001
in|L1    pred 0.885 0.710 0.635 0.472 0.086 0.012 0.004 0.002
         meas 0.883 0.711 0.637 0.477 0.086 0.012 0.004 0.002 | MAE 0.009
in|L4    pred 0.429 0.665 0.750 0.789 0.702 0.541 0.101 0.015
         meas 0.465 0.676 0.757 0.794 0.703 0.547 0.097 0.015 | MAE 0.021
in|L8    pred 0.155 0.407 0.535 0.604 0.643 0.662 0.665 0.648
         meas 0.212 0.443 0.555 0.617 0.651 0.670 0.673 0.656 | MAE 0.033
in|L16   pred 0.038 0.168 0.296 0.379 0.432 0.461 0.472 0.462
         meas 0.065 0.217 0.333 0.411 0.456 0.482 0.491 0.484 | MAE 0.037
R2: exact-law MAE per unit x look x L x placement = 0.016 (expectation <= 0.03): OK
